enemy_color: "red"
# enemy_color: "blue"

#####-----神经网络参数-----#####
classify_model: assets/tiny_resnet.onnx
yolo11_model_path: assets/yolo11.xml
yolov8_model_path: assets/yolov8.xml
device: AUTO
min_confidence: 0.8

#####-----ROI-----#####
roi:
  x: 20
  y: 20
  width: 600
  height: 480

use_roi: true

#####-----USB相机参数-----#####
image_width: 640
image_height: 360
new_image_width: 1280
new_image_height: 720
fov_h: 57.7
fov_v: 56.7
new_fov_h: 37
new_fov_v: 40.9
usb_frame_rate: 60
usb_exposure: 305
new_usb_exposure: 320
usb_gamma: 160
usb_gain: 10

#####-----工业相机参数-----#####
camera_name: "mindvision"
exposure_ms: 9.0
gamma: 1.8
vid_pid: "f622:d132"

#####-----传统方法参数-----#####
threshold: 80
max_angle_error: 45
min_lightbar_ratio: 1.5
max_lightbar_ratio: 20
min_lightbar_length: 4
min_armor_ratio: 1
max_armor_ratio: 5
max_side_ratio: 1.5
max_rectangular_error: 25

#####-----serial参数-----#####
com_port: "/dev/ttyUSB0"

#####-----tracker参数-----#####
min_detect_count: 5
max_temp_lost_count: 15
outpost_max_temp_lost_count: 75

#####-----aimer参数-----#####
yaw_offset: 1.2
pitch_offset: 0
comming_angle: 70
leaving_angle: 30
min_spin_speed: 2

#####-----shooter参数-----#####
first_tolerance: 3
second_tolerance: 2

#####-----decider参数-----#####
mode: 1

#####-----工业相机标定参数-----#####
R_gimbal2imubody: [1, 0, 0, 0, 1, 0, 0, 0, 1]
camera_matrix: [5184.7168512961989, 0, 686.89484820503435, 0, 5195.4164219674904, 469.17245385498728, 0, 0, 1]
distort_coeffs: [-0.3804585550703089, -1.2112928791169706, 0.0083026097967094092, 0.0090717647967944459, 0]
R_camera2gimbal: [0.026715080335354635, 0.0023445794534649729, 0.99964033903692673, -0.99955607032760707, -0.013131666096094952, 0.026743627591867832, 0.013189645708182964, -0.99991102718828295, 0.0019927251103821764]
t_camera2gimbal: [0.071226430811770935, -0.0058914137679416285, 0.093724518534786611]

familiar: 0.8
min_area: 70
max_area: 120
max_light: 120
height_threshold: 0.1
low_threshold: 0.7
distort_coeffs: [-0.3804585550703089, -1.2112928791169706, 0.0083026097967094092, 0.0090717647967944459, 0]
