# enemy_color: "red"
enemy_color: "blue"


#####-----神经网络参数-----#####
classify_model: assets/tiny_resnet.onnx
yolo11_model_path: assets/yolo11.xml
yolov8_model_path: assets/yolov8.xml
device: CPU
min_confidence: 0.8

#####-----ROI-----#####
roi: 
  x: 420
  y: 50
  width: 600
  height: 600

use_roi: false

#####-----USB相机参数-----#####
image_width: 640
image_height: 360
new_image_width: 1280
new_image_height: 720
fov_h: 57.7 #87.7
fov_v: 56.7 
new_fov_h: 37 #67
new_fov_v: 40.9
usb_frame_rate: 60
usb_exposure: 305 #1-80000______250
new_usb_exposure: 350
usb_gamma: 160
usb_gain: 10 #0-96

#####-----工业相机参数-----#####
camera_name: "hikrobot"
exposure_ms: 3
gain: 16
vid_pid: "2bdf:0001"

#####-----传统方法参数-----#####
threshold: 150
max_angle_error: 45 # degree
min_lightbar_ratio: 1.5
max_lightbar_ratio: 20
min_lightbar_length: 8
min_armor_ratio: 1
max_armor_ratio: 5
max_side_ratio: 1.5
max_rectangular_error: 25 # degree
min_confidence: 0.8

#####-----serial参数-----#####
com_port: "/dev/ttyUSB0"

#####-----tracker参数-----#####
min_detect_count: 5
max_temp_lost_count: 15
outpost_max_temp_lost_count: 75

#####-----aimer参数-----#####
yaw_offset: -2.6 # degree -2.5
pitch_offset: -1 # degree 2
comming_angle: 70 # degree
leaving_angle: 30 # degree
min_spin_speed: 2 # rad/s

#####-----shooter参数-----#####
first_tolerance: 3 # 近距离射击容差，degree
second_tolerance: 2 # 远距离射击容差，degree

#####-----decider参数-----#####
mode: 1

#####-----工业相机标定参数-----#####
R_gimbal2imubody: [1, 0, 0, 0, 1, 0, 0, 0, 1]

# 重投影误差: 0.1322px
camera_matrix: [1776.9477196851155, 0, 756.31235265560952, 0, 1776.0591253569607, 566.16539069551641, 0, 0, 1]
distort_coeffs: [-0.08382326954462313, 0.097449270330296239, -0.0012558283068959985, 0.0037372210254148081, 0]

# 相机同理想情况的偏角: yaw-1.53 pitch0.11 roll-0.76 degree
# 标定板到世界坐标系原点的水平距离: 1.45 m
# 标定板同竖直摆放时的偏角: yaw90.85 pitch8.54 roll-0.32 degree
R_camera2gimbal: [0.026715080335354635, 0.0023445794534649729, 0.99964033903692673, -0.99955607032760707, -0.013131666096094952, 0.026743627591867832, 0.013189645708182964, -0.99991102718828295, 0.0019927251103821764]
t_camera2gimbal: [0.071226430811770935, -0.0058914137679416285, 0.093724518534786611]
