#enemy_color: "red"
enemy_color: "blue"

#####-----神经网络参数-----#####
classify_model: assets/tiny_resnet.onnx
yolo11_model_path: assets/yolo11.xml
yolov8_model_path: assets/yolov8.xml
device: AUTO
min_confidence: 0.8

#####-----ROI-----#####
roi: 
  x: 420
  y: 50
  width: 600
  height: 600

use_roi: false

#####-----传统方法参数-----#####
threshold: 150
max_angle_error: 45 # degree
min_lightbar_ratio: 1.5
max_lightbar_ratio: 20
min_lightbar_length: 8
min_armor_ratio: 1
max_armor_ratio: 5
max_side_ratio: 1.5
max_rectangular_error: 25 # degree
min_confidence: 0.8

#####-----tracker参数-----#####
min_detect_count: 5
max_temp_lost_count: 15
outpost_max_temp_lost_count: 75

#####-----aimer参数-----#####
yaw_offset: 0 # degree -2.5
pitch_offset: -2.2 # degree 2
comming_angle: 70 # degree
leaving_angle: 30 # degree
min_spin_speed: 2 # rad/s

camera_name: "hikrobot"
exposure_ms: 2
gain: 16.9
vid_pid: "2bdf:0001"

# -1  0  0
#  0 -1  0
#  0  0  1
R_gimbal2imubody: [-1, 0, 0, 0, -1, 0, 0, 0, 1]

# 重投影误差: 0.1248px
camera_matrix: [1810.8042802175698, 0, 738.94085254297795, 0, 1814.5499190727276, 535.4520866800176, 0, 0, 1]
distort_coeffs: [-0.082030187312203434, 0.16331250571124212, 0.0023738854156771954, 0.00055607966544096905, 0]

# 相机同理想情况的偏角: yaw-0.11 pitch1.70 roll-0.61 degree
# 标定板到世界坐标系原点的水平距离: 1.14 m
# 标定板同竖直摆放时的偏角: yaw12.78 pitch19.92 roll0.44 degree
R_camera2gimbal: [0.0015874088699665966, 0.029750482130584562, 0.99955609594763462, -0.99994225578735851, -0.010576595120723646, 0.0019028206802436966, 0.010628509959934619, -0.99950139792230897, 0.029731974831509484]
t_camera2gimbal: [0.092758225259678626, -0.0029254321498574094, 0.044865848908362344]

#####-----serial参数-----#####
com_port: "/dev/ttyUSB0"
