# enemy_color: "red"
enemy_color: "blue"


#####-----神经网络参数-----#####
classify_model: assets/tiny_resnet.onnx
yolo11_model_path: assets/yolo11.xml
yolov8_model_path: assets/yolov8.xml
device: AUTO
min_confidence: 0.8

#####-----ROI-----#####
roi: 
  x: 420
  y: 50
  width: 600
  height: 600

use_roi: false

#####-----USB相机参数-----#####
image_width: 640
image_height: 360
new_image_width: 1280
new_image_height: 720
fov_h: 87.7
fov_v: 56.7 
new_fov_h: 67
new_fov_v: 40.9
usb_frame_rate: 100
usb_exposure: 315 #1-80000______250
usb_gamma: 160
usb_gain: 10 #0-96

#####-----工业相机参数-----#####
camera_name: "mindvision"
exposure_ms: 2
gamma: 0.5
vid_pid: "f622:d13a"

#####-----传统方法参数-----#####
threshold: 150
max_angle_error: 45 # degree
min_lightbar_ratio: 1.5
max_lightbar_ratio: 20
min_lightbar_length: 8
min_armor_ratio: 1
max_armor_ratio: 5
max_side_ratio: 1.5
max_rectangular_error: 25 # degree
min_confidence: 0.8

#####-----serial参数-----#####
com_port: "/dev/ttyUSB0"


#####-----tracker参数-----#####
min_detect_count: 5
max_temp_lost_count: 15
outpost_max_temp_lost_count: 75

#####-----aimer参数-----#####
yaw_offset: 0 # degree -2.5
pitch_offset: 0 # degree 2
comming_angle: 70 # degree
leaving_angle: 30 # degree
min_spin_speed: 2 # rad/s

#####-----decider参数-----#####
mode: 1

#####-----工业相机标定参数-----#####
R_gimbal2imubody: [1, 0, 0, 0, 1, 0, 0, 0, 1]

# 重投影误差: 0.1483px
camera_matrix: [3279.0739498725866, 0, 599.45508075712792, 0, 3306.1207533127354, 577.75337765122401, 0, 0, 1]
distort_coeffs: [-0.44453798787337934, 0.20068578471736845, -0.005173485142622905, 0.00033617899518775362, 0]

# 相机同理想情况的偏角: yaw1.70 pitch-4.01 roll-8.36 degree
# 标定板到世界坐标系原点的水平距离: 2.42 m
# 标定板同竖直摆放时的偏角: yaw13.28 pitch24.33 roll-10.06 degree
R_camera2gimbal: [-0.019187249315293035, -0.073476932005134721, 0.99711232563178454, -0.98923404393483627, -0.1433179717704485, -0.029596710762095493, 0.14507879164110443, -0.98694533761030434, -0.069936004927642667]
t_camera2gimbal: [0.12951649603818083, -0.017128656461255755, -0.10298873694430516]
